1.149845882352941162e+00 2.498111466810930097e-03
1.169521352941176540e+00 2.521061584273210331e-03
1.189533529411764823e+00 2.452347834440839029e-03
1.209888117647058836e+00 2.385504819085445833e-03
1.229975249999999853e+00 2.357384975975243459e-03
1.249774062500000005e+00 2.302229859381498510e-03
1.269891437500000109e+00 2.306038164515746784e-03
1.289687266666666554e+00 2.316110958297997510e-03
1.309795062499999885e+00 2.420834792884105774e-03
1.330212866666666827e+00 2.480458452272555833e-03
1.350276600000000160e+00 2.526750182485327980e-03
1.369957642857142721e+00 2.538269054004182318e-03
1.389928933333333116e+00 2.545154856527720704e-03
1.410187785714285491e+00 2.514039387407876643e-03
1.430030214285714418e+00 2.524308806629257159e-03
1.450151642857142820e+00 2.491674371060404337e-03
1.469820846153846450e+00 2.441677301131168782e-03
1.489760214285714479e+00 2.426784051009662178e-03
1.509966615384615407e+00 2.384540781026797587e-03
1.529685307692308038e+00 2.388169350915337035e-03
1.549661692307692240e+00 2.356006176208788779e-03
1.569898538461538484e+00 2.354547158885129249e-03
1.590400076923076833e+00 2.361305504213581218e-03
1.610363750000000094e+00 2.365013786131679729e-03
1.629765916666666259e+00 2.299613088288345215e-03
