1.149845882352941162e+00 2.521730865354410329e-03
1.169521352941176540e+00 2.571957702459308753e-03
1.189533529411764823e+00 2.416589322586204080e-03
1.209888117647058836e+00 2.322504293465442460e-03
1.229975249999999853e+00 2.301924844259678124e-03
1.249774062500000005e+00 2.234173690372002075e-03
1.269891437500000109e+00 2.228872397861389031e-03
1.289687266666666554e+00 2.266005706998584866e-03
1.309795062499999885e+00 2.368295059840768053e-03
1.330212866666666827e+00 2.479483247162023694e-03
1.350276600000000160e+00 2.599477649224968701e-03
1.369957642857142721e+00 2.618857131990963340e-03
1.389928933333333116e+00 2.641881770865621339e-03
1.410187785714285491e+00 2.572855758274558355e-03
1.430030214285714418e+00 2.582950687117025693e-03
1.450151642857142820e+00 2.510279144996184573e-03
1.469820846153846450e+00 2.437970001264078927e-03
1.489760214285714479e+00 2.423599653131662708e-03
1.509966615384615407e+00 2.399166464671606634e-03
1.529685307692308038e+00 2.408994612096307039e-03
1.549661692307692240e+00 2.351791634488370909e-03
1.569898538461538484e+00 2.300265262556600715e-03
1.590400076923076833e+00 2.299490221741351797e-03
1.610363750000000094e+00 2.316806736988290521e-03
1.629765916666666259e+00 2.290186567705757448e-03
